0.000000	1.557165	fade; (0, 0, 0); (255, 0, 0)
1.724138	2.023338	flash; (0, 0, 0); (255, 0, 0)
2.068966	2.068966	solid_color; (255, 0, 0)
4.137931	6.812422	string_up; (255, 0, 0)
6.898622	9.570812	string_down; (255, 0, 0)
9.662574	12.240355	string_up; (255, 0, 0)
12.417916	15.004039	string_down; (255, 0, 0)
15.172414	17.754558	string_up; (255, 0, 0)
17.931034	20.517732	string_down; (255, 0, 0)
20.694785	23.278005	string_up; (255, 0, 0)
23.448276	24.671202	string_down; (255, 0, 0)
24.833741	26.020862	swipe_up; (255, 0, 0); 50; 0; True
26.216242	26.853960	fade; (127, 127, 127); (0, 0, 0)
26.896552	27.199785	fade; (0, 0, 0); (0; 0; 255)
27.242884	27.927351	fade; (0, 0, 255); (0, 0, 0)
29.655172	29.954390	fade; (0, 0, 0); (0; 0; 255)
30.000000	30.303294	fade; (0, 0, 255); (0, 0, 0)
30.344828	31.379763	fade; (127, 127, 127); (0, 0, 0)
31.724138	32.367981	fade; (127, 127, 127); (0, 0, 0)
32.412208	32.712617	fade; (0, 0, 0); (0; 0; 255)
32.758621	33.448399	fade; (0, 0, 255); (0, 0, 0)
34.482759	35.123084	fade; (127, 127, 127); (0, 0, 0)
35.172414	35.471383	fade; (0, 0, 0); (0; 0; 255)
35.517241	36.207166	fade; (0, 0, 255); (0, 0, 0)
37.250724	37.888442	fade; (127, 127, 127); (0, 0, 0)
37.931035	38.234267	fade; (0, 0, 0); (0; 0; 255)
38.277367	38.961834	fade; (0, 0, 255); (0, 0, 0)
40.689655	40.988873	fade; (0, 0, 0); (0; 0; 255)
41.034483	41.337776	fade; (0, 0, 255); (0, 0, 0)
41.379311	42.414246	fade; (127, 127, 127); (0, 0, 0)
42.758621	43.402464	fade; (127, 127, 127); (0, 0, 0)
43.446691	43.747099	fade; (0, 0, 0); (0; 0; 255)
43.793104	44.482882	fade; (0, 0, 255); (0, 0, 0)
45.517242	46.157567	fade; (127, 127, 127); (0, 0, 0)
46.206897	46.505866	fade; (0, 0, 0); (0; 0; 255)
46.551724	47.241379	fade; (0, 0, 255); (0, 0, 0)
48.285207	48.922925	fade; (127, 127, 127); (0, 0, 0)
48.965518	49.268750	fade; (0, 0, 0); (0; 0; 255)
49.311850	49.996316	fade; (0, 0, 255); (0, 0, 0)
51.724138	52.023356	fade; (0, 0, 0); (0; 0; 255)
52.068966	52.372259	fade; (0, 0, 255); (0, 0, 0)
52.413794	53.448729	fade; (127, 127, 127); (0, 0, 0)
53.793104	54.436947	fade; (127, 127, 127); (0, 0, 0)
54.481174	54.781582	fade; (0, 0, 0); (0; 0; 255)
54.827587	55.517364	fade; (0, 0, 255); (0, 0, 0)
56.551725	57.192049	fade; (127, 127, 127); (0, 0, 0)
57.241380	57.540349	fade; (0, 0, 0); (0; 0; 255)
57.586207	58.275862	fade; (0, 0, 255); (0, 0, 0)