0.689655	3.297552	fade; (0, 0, 0); (212, 104, 239)
3.448276	5.378986	fade; (212, 104, 239); (0, 0, 0)
5.517241	5.517241	solid_color; (35, 47, 211)
6.034483	6.034483	solid_color; (36, 166, 225)
6.551724	7.149641	fade; (33, 239, 232); (0, 0, 0)
7.413793	8.193264	swipe_down; (32, 235, 171)
8.275862	8.275862	solid_color; (35, 47, 211)
8.793103	8.793103	solid_color; (36, 166, 225)
9.310345	9.908262	fade; (33, 239, 232); (0, 0, 0)
10.689655	10.971145	swipe_right; (170, 32, 235)
11.034483	11.034483	solid_color; (0, 25, 255)
11.551724	11.551724	solid_color; (143, 56, 239)
12.068966	12.666883	fade; (215, 129, 255); (0, 0, 0)
12.931034	13.731754	flash2_times; (255, 218, 4); (4, 255, 44); 12
13.793103	13.793103	solid_color; (35, 47, 211)
14.310345	14.310345	solid_color; (36, 166, 225)
14.827586	15.425503	fade; (33, 239, 232); (0, 0, 0)
15.689655	16.508092	string_down; (0, 255, 96);  25; 0; True
16.551724	16.551724	solid_color; (22, 206, 21)
17.068966	17.068966	solid_color; (150, 205, 26)
17.586207	18.285823	fade; (218, 169, 11); (0, 0, 0)
19.310345	19.310345	solid_color; (35, 47, 211)
19.827586	19.827586	solid_color; (36, 166, 225)
20.344828	20.942745	fade; (33, 239, 232); (0, 0, 0)
21.206897	21.985984	swipe_up; (175, 32, 203)
22.068966	23.370960	fade; (255, 210, 4); (0, 0, 0)
23.448276	24.750271	fade; (255, 133, 4); (0, 0, 0)
24.827586	25.801904	fade; (255, 4, 162); (0, 0, 0)
25.862069	27.178612	string_down; (123, 255, 4)
