0.000000	3.715944	swipe_down; (255, 173, 57)
3.750000	7.485736	swipe_backward; (158, 0, 255)
7.500000	11.215238	string_up; (255, 0, 82)
11.250000	14.962021	gradient; (200, 0, 255); (255, 116, 0)
15.000000	18.714341	string_up; (255, 191, 0); 25; 16; True
18.750000	22.468506	string_down; (185, 0, 255); 25; 16; True
22.500000	26.245150	swipe_up; (125, 255, 0); 25; 16
26.250000	29.965877	swipe_down; (255, 0, 80); 25; 16
30.000000	31.393359	string_up; (255, 101, 0)
31.406250	31.406250	solid_color; (0, 255, 0)
31.640625	32.101710	fade; (255, 150, 0); (0, 0, 0)
32.109375	32.109375	solid_color; (0, 255, 219)
32.343750	32.804835	fade; (0, 32, 255); (0, 0, 0)
32.812500	32.812500	solid_color; (255, 0, 135)
33.046875	33.507960	fade; (255, 150, 0); (255, 127, 0)
33.515625	35.136284	swipe_forward; (255, 0, 0); 75
35.156250	35.156250	solid_color; (0, 255, 0)
35.390625	35.851710	fade; (255, 150, 0); (0, 0, 0)
35.859375	35.859375	solid_color; (0, 255, 219)
36.093750	36.554835	fade; (0, 32, 255); (0, 0, 0)
36.562500	36.562500	solid_color; (255, 0, 135)
36.796875	37.257960	fade; (255, 150, 0); (255, 127, 0)
37.265625	38.886284	swipe_down; (255, 0, 0); 75
38.906250	38.906250	solid_color; (0, 255, 0)
39.140625	39.601710	fade; (255, 150, 0); (0, 0, 0)
39.609375	39.609375	solid_color; (0, 255, 219)
39.843750	40.304835	fade; (0, 32, 255); (0, 0, 0)
40.312500	40.312500	solid_color; (255, 0, 135)
40.546875	41.007960	fade; (255, 150, 0); (255, 127, 0)
41.015625	42.871519	fade; (127, 127, 127); (0, 0, 0)
42.890625	43.812870	fade; (255, 100, 0); (0, 0, 0)
43.828125	44.523801	fade; (117, 0, 255); (0, 0, 0)
44.532231	44.532231	solid_color; (0, 167, 255)
45.000000	46.393359	string_up; (255, 101, 0)
46.406250	46.406250	solid_color; (0, 255, 0)
46.640625	47.101710	fade; (255, 150, 0); (0, 0, 0)
47.109375	47.109375	solid_color; (0, 255, 219)
47.343750	47.804835	fade; (0, 32, 255); (0, 0, 0)
47.812500	47.812500	solid_color; (255, 0, 135)
48.046875	48.507960	fade; (255, 150, 0); (255, 127, 0)
48.515625	50.136284	swipe_forward; (255, 0, 0); 75
50.156250	50.156250	solid_color; (0, 255, 0)
50.390625	50.851710	fade; (255, 150, 0); (0, 0, 0)
50.859375	50.859375	solid_color; (0, 255, 219)
51.093750	51.554835	fade; (0, 32, 255); (0, 0, 0)
51.562500	51.562500	solid_color; (255, 0, 135)
51.796875	52.257960	fade; (255, 150, 0); (255, 127, 0)
52.265625	53.886284	swipe_down; (255, 0, 0); 75
53.906250	53.906250	solid_color; (0, 255, 0)
54.140625	54.601710	fade; (255, 150, 0); (0, 0, 0)
54.609375	54.609375	solid_color; (0, 255, 219)
55.077195	55.767976	fade; (0, 32, 255); (0, 0, 0)
55.781250	56.703693	fade; (188, 0, 255); (0, 0, 0)
56.250000	59.045762	string_up; (255, 0, 153); 50; 0; True
59.062500	59.572074	fade; (255, 0, 153); (0, 0, 0)